-1 0 2 0 4
-1 0 4 4 1 4 8 8 5 9 0 10 0 12
1 2 -1 3
-1 4 4 4 0 0 7 5 7 8 10 7 15 15 15 11 16 15 18 15 19 20 21 26 23 26 20 31 31 31 31 26 31 32 34 33 36 37 40 40 15 41 40 43 40 44 45 46 49 45 51 49 51 52 49 54 49 56 58 15 62 62 15 63 62 65 62 66 67 68 73 70 73 67 75 73 75 76 78
-1 2 0 0 3 6 4 6 9 7 3 10 0 12 14 12 17 15 18 12 21 12 21 23 21 26 24 27 28
1 -1 3 1 3 6 4 6 9 7 9 11 9 13 14
-1 3 3 0 4 3 6 3 7 0 9 0 13 11 13 17 17 14 18
1 -1 4 4 1 4 5 1 9 1 13 13 13 9 13 14 18 18 15 18 18 20 21 24 21 31 25 28 31 31 31 24 33 31 33 33 33 33 38
-1 2 0 2 7 7 7 3 0 11 11 8 11 14 12 14 15 14 19 14 19 22 20 24 19 24 24 29 29 26 30
-1 2 0 2 5 3 5 8 6 9 8 11 8 14 8 15 17 2 17 20 2 20 24 24 21 25 24 26 34 29 34 31 30 30 27 34 37 35 37 41 41 38 41 44 42 45
